Position: 115.94478607177734, -624.0365600585938, 206.73342895507812 | pointAtCoord: 115.94477844238281, -615.4600830078125, 206.73342895507812 | entity: 363805 - 1
Position: 117.75946807861328, -621.2449340820312, 207.6652069091797 | pointAtCoord: 112.51292419433594, -618.1207885742188, 206.1431884765625 | entity: 99379 - pos
Position: 114.543212890625, -619.4906616210938, 206.69744873046875 | pointAtCoord: 123.72528839111328, -625.0313720703125, 205.31712341308594 | entity: 526621 - 1
